(0   1960     0

(0   1960     0

(0   1960     0

(0   1960     0

(0   1960     0

(0   1960     0

(0   1
960     0

(0   1960     0

(0   1960     0

(0   19
60     0

(0   1960     0

(0   1960     0

(0   19
60     0

(0   1960     0

(0   1960     0

(0   19
60     0

(0   1960     0

(0   1960     0

(0   196
0     0

(0   1960     0

(0   1960     0

(0   196
0     0

(0   1960     0

(0   1960     0

(0   1960
     0

(0   1960     0

(0   1960     0

(0   1960
     0

(0   1960     0

(0   1960     0

(0   1960     0

(0   1960     0

(0   1
960     0

(0   1960     0

(0   1960     0

(0   1
960     0

(0   1960     0

(0   1960     0

(0   1
960     0

(0   1960     0

(0   1960     0

(0   1
960     0

(0   1960     0

(0   1960     0

(0   19
60     0

(8   1970     0

(8   1970     0

(8   19
60     0

(8   1960     0

(8   1960     0

(8   19
60     0

(8   1960     0

(8   1960     0

(0   19
60     0

(0   1960     0

(0   1960     0

(0   1960     0

(0   1960     
0
(0  
 1960     0

(0   1960     0

(0   1960     0

(0   
1960     0

(0   1960     0

(0   1960     0

(0   
1960     0

(0   1960     0

(0   1960     0

(0   
1960     0

(0   1960     0

(0   1960     0

(0   
1960     0

(0   1960     0

(0   1960     0

(0   1
960     0

(0   1960     0

(0   1960     0

(0   1
960     0

(0   1960     0

(0   1960     0

(0   1
960     0

(0   1960     0

(0   1960     0

(0   1960     0

(0   1960    
 0
(0
   1960     0

(0   1960     0

(8   1970    
 0
(8 
  1970     0

(8   1970     0

(8   1970    
 0
(8 
  1970     0

(8   1970     0

(0   1970    
 0
(0  
 1970     0

(0   1970     0

(0   1970     
0
(0  
 1970     0

(0   1970     0

(0   1970     
0
(0   
1970     0

(8   1960     0

(8   1960     0

(8  
 1970     0

(8   1970     0

(8   1970     0

(8   
1970     0

(8   1970     0

(8   1970     0

(8   1970     0

(0   1970  
   0
(
0   1970     0

(0   1970     0

(0   1970   
  0
(0
   1970     0

(0   1970     0

(8   1960   
  0
(8
   1960     0

(8   1960     0

(8   1960   
  0
(8
   1960     0

(8   1960     0

(0   1960    
 0
(0 
  1960     0

(0   1960     0

(0   1960    
 0
(0 
  1960     0

(0   1960     0

(0   1960    
 0
(0 
  1960     0

(0   1960     0

(0   1960    
 0
(0 
  1960     0

(0   1960     0

(0   1960    
 0
(0   1960     0

(0   1960
     0

(0   1960     0

(0   1960     0

(0   1960 
    0

(0   1960     0

(0   1960     0

(0   1960
     0

(0   1960     0

(0   1960     0

(0   1960 
    0

(0   1960     0

(0   1960     0

(0   1960 
    0

(0   1960     0

(0   1960     0

(0   1960  
   0

(0   1960     0

(0   1960     0

(0   1960  
   0
(
0   1960     0

(0   1960     0

(0   1960  
   0
(
0   1960     0

(0   1960     0

(0   1960  
   0
(0   1960     0

(0   196
0     0

(0   1960     0

(0   1960     0

(0   196
0     0

(0   1960     0

(0   1960     0

(0   1960
     0

(0   1960     0

(0   1960     0

(8   1970
     0

(8   1970     0

(8   1970     0

(8   1970
     0

(8   1970     0

(8   1970     0

(0   1970 
    0

(0   1970     0

(0   1970     0

(0   1970 
    0

(0   1970     0

(0   1970     0

(0   1970 
    0

(0   1970     0

(0   1970     0

(0   1970 
    0
(0   1970     0

(0   1
970     0

(0   1970     0

(0   1970     0

(0   1
970     0

(0   1970     0

(0   1970     0

(0   19
70     0

(0   1970     0

(0   1970     0

(0   19
70     0

(0   1970     0

(8   1960     0

(8   196
0     0

(8   1960     0

(8   1960     0

(8   19
70     0

(8   1970     0

(8   1970     0

(8   197
0     0

(8   1960     0

(8   1960     0

(8   159
0     0

(8   1590     0

(8   1170     0

(8   1170
     0
(8   1170     0

(8   
 520     0

(8    520     0

(8    230     0

(8   
 230     0

(8      0     0

(8      0     0

(8    
  0     0

(8      0     0

(8      0     0

(8    
  0     0

(0      0     0

(0      0     0

(0    
  0     0

(0      0     0

(0      0     0

(0    
  0     0

(0      0     0

(0      0     0

(8    5
80     0

(8    580     0

(8   1890     0

(8   18
90     0

(8   3200     0

(8   3200     0

(8   393
0     0
(8   3930     
0
(8 
  3920     0

(8   3920     0

(8   4390    
 0
(8  
 4390     0

(8   5700     0

(8   5700     
0
(8  
 7530     0

(8   7530     0

(8   9650     
0
(8  
 9650     0

(8  10930     0

(8  10930     0

(8  
11680     0

(8  11680     0

(8  11690     0

(8  1
1690     0

(8  11670     0

(8  11670     0

(8  1
1670     0

(8  11670     0

(8  11650     0

(8  11
650     0

(8  11660     0

(8  11660     0

(8  1
1670     0
(8  11670  
   0
(8
  11670     0

(8  11670     0

(8  11670   
  0
(8
  11670     0

(8  11670     0

(0  11670    
 0
(0 
 11670     0

(0  11670     0

(0  11670    
 0
(0 
 11670     0

(0  11670     0

(0  11670    
 0
(0 
 11670     0

(0  11670     0

(0  11670   